C:\Users\unkno\anaconda3\envs\dip\python.exe C:/Users/unkno/PycharmProjects/dig/CVPRH3_2.py
C:/Users/unkno/PycharmProjects/dig/CVPRH3_2.py:82: DeprecationWarning: an integer is required (got type numpy.float32).  Implicit conversion to integers using __int__ is deprecated, and may be removed in a future version of Python.
  mask = cv2.line(mask, (a, b), (c, d), color[i].tolist(), 2)
C:/Users/unkno/PycharmProjects/dig/CVPRH3_2.py:83: DeprecationWarning: an integer is required (got type numpy.float32).  Implicit conversion to integers using __int__ is deprecated, and may be removed in a future version of Python.
  frame = cv2.circle(frame, (a, b), 5, color[i].tolist(), -1)
Rotation: [[-0.75797639  0.37820759 -0.5314422 ]
 [ 0.37714079 -0.4106443  -0.83014221]
 [-0.53219979 -0.82965673  0.16862117]] at frame 0
Translation: [[ 0.34804171]
 [ 0.5425226 ]
 [-0.76454967]] at frame 0
Rotation: [[ 9.99999217e-01  1.21352767e-03  3.06866848e-04]
 [-1.21327073e-03  9.99998914e-01 -8.36105722e-04]
 [-3.07881152e-04  8.35732754e-04  9.99999603e-01]] at frame 1
Translation: [[-0.45996092]
 [-0.42395008]
 [ 0.78019375]] at frame 1
Rotation: [[ 9.99999242e-01  6.39517669e-04  1.05241194e-03]
 [-6.38839688e-04  9.99999588e-01 -6.44426311e-04]
 [-1.05282363e-03  6.43753500e-04  9.99999239e-01]] at frame 2
Translation: [[-0.3454243 ]
 [-0.50106192]
 [ 0.79348535]] at frame 2
Rotation: [[ 0.29014565 -0.94057184  0.17646561]
 [-0.94050908 -0.31432824 -0.1289978 ]
 [ 0.17679982 -0.12853935 -0.97581733]] at frame 3
Translation: [[ 0.8050305 ]
 [-0.58352769]
 [ 0.10687065]] at frame 3
Rotation: [[ 9.99999714e-01  3.69920688e-04  6.59545485e-04]
 [-3.69595947e-04  9.99999810e-01 -4.92424278e-04]
 [-6.59727518e-04  4.92180372e-04  9.99999661e-01]] at frame 4
Translation: [[-0.40376375]
 [-0.43825076]
 [ 0.80306358]] at frame 4
Rotation: [[-0.60691587  0.46300567 -0.64597127]
 [ 0.46333351 -0.45424891 -0.76090734]
 [-0.64573616 -0.76110688  0.06116483]] at frame 5
Translation: [[-0.443142  ]
 [-0.52253364]
 [ 0.72841181]] at frame 5
Rotation: [[-0.73663983  0.34061894 -0.58424353]
 [ 0.33949866 -0.56090491 -0.75506711]
 [-0.58489522 -0.7545624   0.29754522]] at frame 6
Translation: [[-0.36280988]
 [-0.46843594]
 [ 0.80556611]] at frame 6
Rotation: [[-0.70378241  0.34781072 -0.61944978]
 [ 0.34503928 -0.59485419 -0.72601404]
 [-0.62099776 -0.72469042  0.29863955]] at frame 7
Translation: [[-0.38479679]
 [-0.4498973 ]
 [ 0.80593042]] at frame 7
Rotation: [[ 9.99999713e-01 -3.27988541e-04  6.83562011e-04]
 [ 3.28183980e-04  9.99999905e-01 -2.85820069e-04]
 [-6.83468200e-04  2.86044321e-04  9.99999726e-01]] at frame 8
Translation: [[-0.33028831]
 [-0.48843819]
 [ 0.8076743 ]] at frame 8
Rotation: [[ 9.99999808e-01 -5.75682199e-04  2.31472721e-04]
 [ 5.75593714e-04  9.99999761e-01  3.82155822e-04]
 [-2.31692666e-04 -3.82022514e-04  9.99999900e-01]] at frame 9
Translation: [[ 0.46258219]
 [ 0.42759424]
 [-0.77664721]] at frame 9
Rotation: [[ 0.99998653 -0.00189982  0.00483068]
 [ 0.00189462  0.99999762  0.00107955]
 [-0.00483272 -0.00107039  0.99998775]] at frame 10
Translation: [[0.88554303]
 [0.01082896]
 [0.46443112]] at frame 10
Rotation: [[-0.5365804   0.41759804 -0.73327577]
 [ 0.41519478 -0.62585309 -0.66024329]
 [-0.73463921 -0.65872588  0.16243597]] at frame 11
Translation: [[-0.48165051]
 [-0.4326412 ]
 [ 0.76212492]] at frame 11
Rotation: [[ 9.99999767e-01  6.32024479e-04 -2.56046633e-04]
 [-6.32110490e-04  9.99999744e-01 -3.35979966e-04]
 [ 2.55834220e-04  3.36141738e-04  9.99999911e-01]] at frame 12
Translation: [[-0.41885864]
 [-0.39627989]
 [ 0.81701878]] at frame 12
Rotation: [[-0.69757972  0.32796891 -0.63703919]
 [ 0.32821358 -0.64405869 -0.69098788]
 [-0.63691317 -0.69110404  0.34163843]] at frame 13
Translation: [[-0.38908768]
 [-0.42172281]
 [ 0.81899979]] at frame 13
Rotation: [[-0.93836366 -0.32408584 -0.12017492]
 [-0.32404436  0.70383559  0.63214771]
 [-0.12028673  0.63212644 -0.76547192]] at frame 14
Translation: [[ 0.17390136]
 [-0.92417027]
 [-0.34009944]] at frame 14
Rotation: [[ 9.99999901e-01  1.98057314e-04 -3.98532832e-04]
 [-1.98026569e-04  9.99999977e-01  7.71834572e-05]
 [ 3.98548110e-04 -7.71045295e-05  9.99999918e-01]] at frame 15
Translation: [[-0.35472969]
 [-0.49794667]
 [ 0.79133808]] at frame 15
Rotation: [[ 9.99999883e-01  2.51337404e-04  4.13503502e-04]
 [-2.51327053e-04  9.99999968e-01 -2.50848928e-05]
 [-4.13509794e-04  2.49809653e-05  9.99999914e-01]] at frame 16
Translation: [[ 0.36912123]
 [ 0.43631228]
 [-0.82059802]] at frame 16
Rotation: [[ 0.99987058  0.01131084 -0.01144048]
 [-0.01123035  0.99991191  0.00707515]
 [ 0.0115195  -0.00694575  0.99990952]] at frame 17
Translation: [[ 0.77457629]
 [-0.60984787]
 [ 0.16768167]] at frame 17
Rotation: [[-0.81806545  0.29172797 -0.49564475]
 [ 0.29174918 -0.53218674 -0.79477021]
 [-0.49563227 -0.79477799  0.35025219]] at frame 18
Translation: [[-0.30137961]
 [-0.48368878]
 [ 0.82171497]] at frame 18
Rotation: [[ 9.99999946e-01 -3.29720817e-04 -1.49587851e-05]
 [ 3.29726726e-04  9.99999867e-01  3.96751801e-04]
 [ 1.48279658e-05 -3.96756712e-04  9.99999921e-01]] at frame 19
Translation: [[ 0.43298363]
 [ 0.44869357]
 [-0.78179234]] at frame 19
Rotation: [[ 0.9999972   0.00204817 -0.00118286]
 [-0.0020451   0.99999455  0.00259173]
 [ 0.00118816 -0.00258931  0.99999594]] at frame 20
Translation: [[ 0.53105736]
 [-0.84346677]
 [-0.08088189]] at frame 20
Rotation: [[-0.41814238  0.28579735 -0.86225102]
 [ 0.28479754 -0.86011222 -0.42319893]
 [-0.86258177 -0.42252438  0.27825498]] at frame 21
Translation: [[-0.5394459 ]
 [-0.26438088]
 [ 0.79943785]] at frame 21
Rotation: [[-0.51345761 -0.8581008  -0.00493073]
 [-0.85810484  0.51341517  0.00780668]
 [-0.00416741  0.00823948 -0.99995737]] at frame 22
Translation: [[ 0.4955636 ]
 [-0.86853173]
 [-0.00832782]] at frame 22
Rotation: [[-0.62554858  0.33530918 -0.70445492]
 [ 0.33340019 -0.7014472  -0.62993343]
 [-0.7053604  -0.62891937  0.32699715]] at frame 23
Translation: [[-0.43280074]
 [-0.38608866]
 [ 0.81462818]] at frame 23
Rotation: [[ 9.99999984e-01  2.12612866e-05 -1.79209773e-04]
 [-2.12194641e-05  9.99999973e-01  2.33370283e-04]
 [ 1.79214730e-04 -2.33366476e-04  9.99999957e-01]] at frame 24
Translation: [[-0.47047681]
 [-0.43228969]
 [ 0.76927056]] at frame 24
Rotation: [[-0.63143036  0.36231567 -0.68558228]
 [ 0.36357003 -0.64259743 -0.67445191]
 [-0.6849179  -0.67512658  0.27402841]] at frame 25
Translation: [[-0.4293491 ]
 [-0.42268337]
 [ 0.79812162]] at frame 25
Rotation: [[-0.01562074  0.38546613  0.92258976]
 [ 0.38603195 -0.84883629  0.36118734]
 [ 0.92235315  0.36179113 -0.13554279]] at frame 26
Translation: [[0.69940079]
 [0.2734068 ]
 [0.66036903]] at frame 26
Rotation: [[ 9.99999738e-01  1.04557869e-04 -7.16116992e-04]
 [-1.04509571e-04  9.99999992e-01  6.74827008e-05]
 [ 7.16124042e-04 -6.74078420e-05  9.99999741e-01]] at frame 27
Translation: [[-0.45399037]
 [-0.42618725]
 [ 0.78246863]] at frame 27
Rotation: [[-0.70999174  0.32796843 -0.62317609]
 [ 0.32789261 -0.6291884  -0.70470447]
 [-0.62321599 -0.70466918  0.33918014]] at frame 28
Translation: [[-0.38073656]
 [-0.43059389]
 [ 0.81830836]] at frame 28
Rotation: [[-0.64963606 -0.6280179   0.42844661]
 [-0.62724297  0.12431773 -0.76883767]
 [ 0.42958031 -0.7682048  -0.4746811 ]] at frame 29
Translation: [[-0.41926413]
 [ 0.74978906]
 [-0.51189252]] at frame 29
Rotation: [[ 9.99999951e-01  2.81511843e-04  1.40186855e-04]
 [-2.81549149e-04  9.99999925e-01  2.66164694e-04]
 [-1.40111916e-04 -2.66204151e-04  9.99999955e-01]] at frame 30
Translation: [[-0.46917258]
 [-0.43236414]
 [ 0.7700249 ]] at frame 30
Rotation: [[-0.70505902  0.32177027 -0.63194594]
 [ 0.32243195 -0.6482375  -0.68980127]
 [-0.63160859 -0.69011017  0.35329668]] at frame 31
Translation: [[-0.38396691]
 [-0.4192542 ]
 [ 0.82267571]] at frame 31
Rotation: [[ 9.99999698e-01  7.69173827e-04 -1.13634727e-04]
 [-7.69143979e-04  9.99999670e-01  2.62479248e-04]
 [ 1.13836581e-04 -2.62391767e-04  9.99999959e-01]] at frame 32
Translation: [[-0.31046653]
 [-0.47541958]
 [ 0.82315658]] at frame 32
Rotation: [[ 9.99999876e-01  4.32495556e-04 -2.45640263e-04]
 [-4.32418962e-04  9.99999858e-01  3.11780837e-04]
 [ 2.45775072e-04 -3.11674579e-04  9.99999921e-01]] at frame 33
Translation: [[ 0.39717669]
 [ 0.44396064]
 [-0.80321207]] at frame 33
Rotation: [[-0.67070739  0.3294277  -0.66455172]
 [ 0.32925591 -0.67060899 -0.66473614]
 [-0.66463686 -0.66465102  0.34131638]] at frame 34
Translation: [[-0.40576246]
 [-0.40567765]
 [ 0.8190131 ]] at frame 34
Rotation: [[ 9.99999989e-01  1.28402611e-04  7.01901299e-05]
 [-1.28402432e-04  9.99999992e-01 -2.55681487e-06]
 [-7.01904576e-05  2.54780226e-06  9.99999998e-01]] at frame 35
Translation: [[-0.39364932]
 [-0.45582747]
 [ 0.79828662]] at frame 35
Rotation: [[ 9.99999724e-01 -2.95388461e-04 -6.81404722e-04]
 [ 2.95872582e-04  9.99999704e-01  7.10483282e-04]
 [ 6.81194651e-04 -7.10684695e-04  9.99999515e-01]] at frame 36
Translation: [[-0.39085439]
 [-0.43199267]
 [ 0.81278237]] at frame 36
Rotation: [[ 9.99999984e-01  1.19304713e-04 -1.33759782e-04]
 [-1.19293307e-04  9.99999989e-01  8.52713144e-05]
 [ 1.33769954e-04 -8.52553563e-05  9.99999987e-01]] at frame 37
Translation: [[-0.40189855]
 [-0.41335936]
 [ 0.81707503]] at frame 37
Rotation: [[ 9.99999896e-01  3.23811608e-04  3.21537585e-04]
 [-3.23824348e-04  9.99999947e-01  3.95706893e-05]
 [-3.21524754e-04 -3.96748069e-05  9.99999948e-01]] at frame 38
Translation: [[-0.4231703 ]
 [-0.39387445]
 [ 0.81595945]] at frame 38
Rotation: [[-0.66864723  0.30209942 -0.67944597]
 [ 0.30227469 -0.72441148 -0.61956277]
 [-0.67936801 -0.61964825  0.39305872]] at frame 39
Translation: [[-0.40702607]
 [-0.37112661]
 [ 0.83462256]] at frame 39
Rotation: [[-0.02283879 -0.98722648  0.15767773]
 [-0.98723089 -0.00260012 -0.15927465]
 [ 0.15765013 -0.15930196 -0.97456109]] at frame 40
Translation: [[ 0.69577907]
 [-0.7085982 ]
 [ 0.11738859]] at frame 40
Rotation: [[-0.25674048  0.69622857  0.67033581]
 [ 0.69638068 -0.34768391  0.62782947]
 [ 0.6701778   0.62799815 -0.39557559]] at frame 41
Translation: [[0.61016443]
 [0.57151044]
 [0.54870319]] at frame 41
Rotation: [[-0.62296161  0.34208462 -0.70348913]
 [ 0.34190788 -0.68978905 -0.63819281]
 [-0.70357504 -0.6380981   0.31275067]] at frame 42
Translation: [[-0.43410239]
 [-0.39388158]
 [ 0.81019282]] at frame 42
Rotation: [[-0.65145449  0.34100203 -0.67773495]
 [ 0.34069161 -0.66668179 -0.66292127]
 [-0.67789105 -0.66276165  0.31813632]] at frame 43
Translation: [[-0.41747762]
 [-0.40816565]
 [ 0.81185789]] at frame 43
Rotation: [[-0.6409377   0.50070624 -0.58180077]
 [ 0.49869773 -0.30456861 -0.81150388]
 [-0.5835233  -0.81026615 -0.05449156]] at frame 44
Translation: [[-0.42378654]
 [-0.58945102]
 [ 0.6877154 ]] at frame 44
Rotation: [[ 9.99999669e-01  7.79574575e-04  2.32025359e-04]
 [-7.79448292e-04  9.99999548e-01 -5.43859952e-04]
 [-2.32449234e-04  5.43678921e-04  9.99999825e-01]] at frame 45
Translation: [[-0.41076016]
 [-0.39571593]
 [ 0.82139211]] at frame 45
Rotation: [[ 9.99999613e-01  8.55627252e-04  2.03272426e-04]
 [-8.55540364e-04  9.99999543e-01 -4.27150334e-04]
 [-2.03637815e-04  4.26976261e-04  9.99999888e-01]] at frame 46
Translation: [[-0.43051506]
 [-0.38859609]
 [ 0.81464708]] at frame 46
Rotation: [[ 9.99998656e-01  1.51317465e-03  6.30760892e-04]
 [-1.51277602e-03  9.99998656e-01 -6.31981053e-04]
 [-6.31716342e-04  6.31026003e-04  9.99999601e-01]] at frame 47
Translation: [[ 0.5354816 ]
 [ 0.36250372]
 [-0.76279126]] at frame 47
Rotation: [[-0.74119846  0.33246914 -0.58317161]
 [ 0.3337775  -0.57121055 -0.74987404]
 [-0.58242375 -0.75045505  0.31240966]] at frame 48
Translation: [[-0.359448  ]
 [-0.46322201]
 [ 0.81007562]] at frame 48
Rotation: [[ 9.99998652e-01 -1.64180403e-03 -3.65009155e-05]
 [ 1.64177587e-03  9.99998364e-01 -7.58752395e-04]
 [ 3.77465785e-05  7.58691446e-04  9.99999711e-01]] at frame 49
Translation: [[-0.48074539]
 [-0.42404684]
 [ 0.76750775]] at frame 49
Rotation: [[-0.55109299  0.42110495 -0.72039374]
 [ 0.42055987 -0.60548629 -0.67565949]
 [-0.72071209 -0.6753199   0.15657941]] at frame 50
Translation: [[-0.47368459]
 [-0.4449509 ]
 [ 0.76002737]] at frame 50
Rotation: [[ 9.99999404e-01 -9.89226309e-04 -4.61749309e-04]
 [ 9.89298550e-04  9.99999498e-01  1.56250168e-04]
 [ 4.61594511e-04 -1.56706882e-04  9.99999881e-01]] at frame 51
Translation: [[ 0.42634843]
 [ 0.38892447]
 [-0.81667911]] at frame 51
Rotation: [[ 0.99779438 -0.03906249  0.05367035]
 [ 0.03944519  0.99920318 -0.00608941]
 [-0.05338971  0.00819302  0.99854014]] at frame 52
Translation: [[-0.92597287]
 [ 0.30609927]
 [-0.22108252]] at frame 52
Rotation: [[ 9.99982526e-01 -5.54601763e-03 -2.04702771e-03]
 [ 5.54797651e-03  9.99984156e-01  9.52502470e-04]
 [ 2.04171268e-03 -9.63842687e-04  9.99997451e-01]] at frame 53
Translation: [[-0.62524817]
 [ 0.04747691]
 [ 0.77898053]] at frame 53
Rotation: [[ 9.99999404e-01  7.75568838e-04 -7.68568038e-04]
 [-7.74582289e-04  9.99998877e-01  1.28308719e-03]
 [ 7.69562297e-04 -1.28249111e-03  9.99998881e-01]] at frame 54
Translation: [[-0.48231172]
 [-0.39390067]
 [ 0.7824434 ]] at frame 54
Rotation: [[ 0.99915994  0.02158483  0.03483557]
 [-0.02368204  0.99785933  0.0609584 ]
 [-0.03344522 -0.06173217  0.99753223]] at frame 55
Translation: [[-0.22087949]
 [-0.80950782]
 [-0.5439755 ]] at frame 55
Rotation: [[-0.69643919  0.32312252 -0.64075292]
 [ 0.31626641 -0.66329619 -0.67824312]
 [-0.64416459 -0.67500371  0.35975266]] at frame 56
Translation: [[-0.38967177]
 [-0.40949115]
 [ 0.82490782]] at frame 56
Rotation: [[-0.84429961  0.31683858 -0.43217066]
 [ 0.30846641 -0.37210901 -0.87543324]
 [-0.43818562 -0.87243808  0.21643744]] at frame 57
Translation: [[-0.27880907]
 [-0.55945468]
 [ 0.78056131]] at frame 57
Rotation: [[ 9.99994257e-01 -3.38510212e-03 -1.63885885e-04]
 [ 3.38541595e-03  9.99992360e-01  1.95413105e-03]
 [ 1.57269700e-04 -1.95467465e-03  9.99998077e-01]] at frame 58
Translation: [[-0.61276617]
 [-0.35888905]
 [ 0.70407121]] at frame 58
Rotation: [[-0.6119456   0.39460288 -0.68542772]
 [ 0.39664355 -0.59665859 -0.69761911]
 [-0.68424884 -0.69877543  0.20860591]] at frame 59
Translation: [[-0.44028612]
 [-0.4492454 ]
 [ 0.77738453]] at frame 59
Rotation: [[-0.61883071  0.41729922 -0.66551477]
 [ 0.41704463 -0.54342484 -0.72853498]
 [-0.66567434 -0.72838918  0.16225558]] at frame 60
Translation: [[-0.43666584]
 [-0.47806842]
 [ 0.76208499]] at frame 60
Rotation: [[ 0.99999803  0.00141561  0.001395  ]
 [-0.00141382  0.99999817 -0.00128597]
 [-0.00139682  0.00128399  0.9999982 ]] at frame 61
Translation: [[-0.46203073]
 [-0.43208882]
 [ 0.7744849 ]] at frame 61
Rotation: [[ 0.99999529  0.00219865  0.00214235]
 [-0.00219646  0.99999706 -0.00102373]
 [-0.0021446   0.00101902  0.99999718]] at frame 62
Translation: [[-0.49785506]
 [-0.32427663]
 [ 0.80435378]] at frame 62
Rotation: [[ 0.99932612  0.01244412 -0.03453189]
 [-0.01294138  0.99981522 -0.01421414]
 [ 0.03434863  0.01465145  0.99930251]] at frame 63
Translation: [[0.72917735]
 [0.05234713]
 [0.68231969]] at frame 63
Rotation: [[ 0.99999436  0.00302657  0.00145345]
 [-0.00302133  0.99998896 -0.0035975 ]
 [-0.00146432  0.00359308  0.99999247]] at frame 64
Translation: [[-0.43745403]
 [-0.38843917]
 [ 0.81101725]] at frame 64
Rotation: [[ 0.9999841   0.00468536  0.00313724]
 [-0.00467372  0.99998221 -0.00370627]
 [-0.00315455  0.00369155  0.99998821]] at frame 65
Translation: [[-0.39895736]
 [-0.46753777]
 [ 0.78882283]] at frame 65
Rotation: [[ 0.99916231  0.02130587 -0.034939  ]
 [-0.02152996  0.9997499  -0.00605013]
 [ 0.03480136  0.0067973   0.99937113]] at frame 66
Translation: [[ 0.80233172]
 [-0.20154537]
 [ 0.56182139]] at frame 66
Rotation: [[ 0.99999084  0.00404077  0.0014144 ]
 [-0.00403585  0.99998587 -0.00346078]
 [-0.00142836  0.00345504  0.99999301]] at frame 67
Translation: [[-0.41682074]
 [-0.40936339]
 [ 0.81159231]] at frame 67
Rotation: [[-0.65807321  0.3310577  -0.67626951]
 [ 0.34000978 -0.67071018 -0.65919739]
 [-0.67181322 -0.66373839  0.32881355]] at frame 68
Translation: [[ 0.41313828]
 [ 0.4062395 ]
 [-0.81503756]] at frame 68
Rotation: [[ 9.99999282e-01  1.09030059e-03  4.98160711e-04]
 [-1.08928333e-03  9.99997330e-01 -2.03775924e-03]
 [-5.00381151e-04  2.03721513e-03  9.99997800e-01]] at frame 69
Translation: [[-0.42879606]
 [-0.38313395]
 [ 0.81813343]] at frame 69
Rotation: [[ 9.99999469e-01  9.99076486e-04 -2.53395955e-04]
 [-9.98988763e-04  9.99999441e-01  3.46079093e-04]
 [ 2.53741573e-04 -3.45825770e-04  9.99999908e-01]] at frame 70
Translation: [[-0.47727686]
 [-0.42339459]
 [ 0.77002846]] at frame 70
Rotation: [[ 9.99998958e-01  1.40993719e-03 -3.11555832e-04]
 [-1.40988476e-03  9.99998992e-01  1.68424301e-04]
 [ 3.11792986e-04 -1.67984868e-04  9.99999937e-01]] at frame 71
Translation: [[-0.52151632]
 [-0.41017647]
 [ 0.74818179]] at frame 71
Rotation: [[ 9.99997122e-01  2.30007054e-03 -6.82069373e-04]
 [-2.30182402e-03  9.99994019e-01 -2.58127889e-03]
 [ 6.76128171e-04  2.58284147e-03  9.99996436e-01]] at frame 72
Translation: [[-0.36516789]
 [-0.44042495]
 [ 0.82016966]] at frame 72
Rotation: [[ 0.9961726   0.05153503 -0.07059953]
 [-0.05067411  0.99861805  0.01393278]
 [ 0.07121999 -0.01030188  0.99740743]] at frame 73
Translation: [[ 0.83655471]
 [-0.40910639]
 [ 0.36442858]] at frame 73
Rotation: [[ 9.99995862e-01  2.84396037e-03  4.32840999e-04]
 [-2.84405589e-03  9.99995931e-01  2.20240020e-04]
 [-4.32212884e-04 -2.21470132e-04  9.99999882e-01]] at frame 74
Translation: [[-0.4529462 ]
 [-0.43422929]
 [ 0.77864284]] at frame 74
Rotation: [[ 0.99998684  0.00497445 -0.00125533]
 [-0.0049775   0.99998463 -0.00244124]
 [ 0.00124317  0.00244746  0.99999623]] at frame 75
Translation: [[-0.25409865]
 [-0.47971334]
 [ 0.83982676]] at frame 75
Rotation: [[ 9.99992393e-01  3.87980229e-03  4.01366163e-04]
 [-3.87887145e-03  9.99989845e-01 -2.29454613e-03]
 [-4.10264472e-04  2.29297182e-03  9.99997287e-01]] at frame 76
Translation: [[-0.39484531]
 [-0.44059956]
 [ 0.80620668]] at frame 76
Rotation: [[ 9.99999320e-01  9.25660861e-04 -7.09881829e-04]
 [-9.24497919e-04  9.99998233e-01  1.63680108e-03]
 [ 7.11395698e-04 -1.63614368e-03  9.99998408e-01]] at frame 77
Translation: [[ 0.4826919 ]
 [ 0.42014256]
 [-0.76843266]] at frame 77
Rotation: [[ 9.99998964e-01  1.23756344e-03 -7.35239623e-04]
 [-1.23770272e-03  9.99999216e-01 -1.89010356e-04]
 [ 7.35005135e-04  1.89920169e-04  9.99999712e-01]] at frame 78
Translation: [[-0.35324084]
 [-0.46226118]
 [ 0.81334833]] at frame 78
Rotation: [[ 0.99734956  0.04088458 -0.0601856 ]
 [-0.04039777  0.99914055  0.00928369]
 [ 0.06051343 -0.00682772  0.99814403]] at frame 79
Translation: [[ 0.8351035 ]
 [-0.38317436]
 [ 0.39468919]] at frame 79
Rotation: [[ 9.97561943e-01  3.51515146e-02 -6.02871502e-02]
 [-3.50686780e-02  9.99381946e-01  2.43186927e-03]
 [ 6.03353734e-02 -3.11749574e-04  9.98178113e-01]] at frame 80
Translation: [[ 0.83521272]
 [-0.29932095]
 [ 0.46133142]] at frame 80
Rotation: [[ 9.99999643e-01 -7.68513094e-04 -3.50636506e-04]
 [ 7.68447068e-04  9.99999687e-01 -1.88396807e-04]
 [ 3.50781182e-04  1.88127294e-04  9.99999921e-01]] at frame 81
Translation: [[-0.48927511]
 [-0.42775128]
 [ 0.76002546]] at frame 81
Rotation: [[ 0.99999837 -0.00128243 -0.00126732]
 [ 0.00128479  0.99999744  0.00186201]
 [ 0.00126493 -0.00186364  0.99999746]] at frame 82
Translation: [[-0.42290774]
 [-0.45156722]
 [ 0.78564374]] at frame 82
Rotation: [[ 9.99999400e-01 -6.48281716e-04 -8.82936566e-04]
 [ 6.49052600e-04  9.99999408e-01  8.73084711e-04]
 [ 8.82370039e-04 -8.73657260e-04  9.99999229e-01]] at frame 83
Translation: [[-0.51738531]
 [-0.40979829]
 [ 0.75125083]] at frame 83
Rotation: [[ 9.99998238e-01  1.72707781e-03  7.35929563e-04]
 [-1.72686882e-03  9.99998468e-01 -2.84522719e-04]
 [-7.36419829e-04  2.83251363e-04  9.99999689e-01]] at frame 84
Translation: [[ 0.47345626]
 [ 0.4161859 ]
 [-0.77629148]] at frame 84
Rotation: [[ 9.89477390e-01  7.76320584e-02 -1.22097334e-01]
 [-7.69283330e-02  9.96981605e-01  1.04743325e-02]
 [ 1.22541940e-01 -9.71370817e-04  9.92462860e-01]] at frame 85
Translation: [[ 0.82798886]
 [-0.31779552]
 [ 0.46199616]] at frame 85
Rotation: [[ 0.99994674  0.00733658  0.00725893]
 [-0.00729986  0.99996049 -0.00507232]
 [-0.00729586  0.00501906  0.99996079]] at frame 86
Translation: [[-0.61206395]
 [-0.39361886]
 [ 0.68588768]] at frame 86
Rotation: [[ 0.99999631  0.00239101  0.00129229]
 [-0.00238965  0.99999659 -0.00105389]
 [-0.00129481  0.0010508   0.99999861]] at frame 87
Translation: [[-0.46947187]
 [-0.43664674]
 [ 0.76742152]] at frame 87
Rotation: [[ 9.99980993e-01 -6.15687796e-03 -3.27144371e-04]
 [ 6.15509051e-03  9.99967487e-01 -5.20951647e-03]
 [ 3.59208091e-04  5.20740385e-03  9.99986377e-01]] at frame 88
Translation: [[-0.46361023]
 [ 0.46252257]
 [ 0.75573701]] at frame 88
Rotation: [[ 9.99991663e-01  3.31680867e-03  2.38193011e-03]
 [-3.31607695e-03  9.99994453e-01 -3.11078967e-04]
 [-2.38294869e-03  3.03177709e-04  9.99997115e-01]] at frame 89
Translation: [[ 0.48691927]
 [ 0.43668499]
 [-0.7564495 ]] at frame 89
Rotation: [[ 9.99999847e-01  5.41561632e-04 -1.10633469e-04]
 [-5.41535666e-04  9.99999826e-01  2.34599513e-04]
 [ 1.10760499e-04 -2.34539565e-04  9.99999966e-01]] at frame 90
Translation: [[-0.47836658]
 [-0.42425276]
 [ 0.76887906]] at frame 90
Rotation: [[ 9.99998967e-01  7.74065137e-04  1.21135071e-03]
 [-7.74003349e-04  9.99999699e-01 -5.14750835e-05]
 [-1.21139019e-03  5.05374409e-05  9.99999265e-01]] at frame 91
Translation: [[-0.54829202]
 [-0.41972328]
 [ 0.72333134]] at frame 91
Rotation: [[ 9.99995557e-01  2.12828937e-03  2.08701373e-03]
 [-2.12717715e-03  9.99997594e-01 -5.34995447e-04]
 [-2.08814733e-03  5.30553622e-04  9.99997679e-01]] at frame 92
Translation: [[ 0.50792187]
 [ 0.43142658]
 [-0.74557795]] at frame 92
Rotation: [[-0.52304357  0.38324002 -0.76128346]
 [ 0.3837851  -0.69162397 -0.61185397]
 [-0.76100882 -0.61219554  0.21466766]] at frame 93
Translation: [[-0.48816403]
 [-0.39291093]
 [ 0.77930538]] at frame 93
Rotation: [[ 9.99998765e-01  8.92668484e-04  1.29386203e-03]
 [-8.90035892e-04  9.99997536e-01 -2.03382712e-03]
 [-1.29567438e-03  2.03267303e-03  9.99997095e-01]] at frame 94
Translation: [[-0.5046278]
 [-0.3799132]
 [ 0.7752527]] at frame 94
Rotation: [[ 9.99998415e-01 -9.76847110e-04  1.48852697e-03]
 [ 9.77841134e-04  9.99999299e-01 -6.67209022e-04]
 [-1.48787416e-03  6.68663507e-04  9.99998670e-01]] at frame 95
Translation: [[ 0.62661264]
 [ 0.29967133]
 [-0.71941204]] at frame 95
Rotation: [[ 9.99999989e-01  1.23587423e-04 -8.23589127e-05]
 [-1.23538596e-04  9.99999817e-01  5.92590346e-04]
 [ 8.24321343e-05 -5.92580165e-04  9.99999821e-01]] at frame 96
Translation: [[-0.45182216]
 [-0.38065997]
 [ 0.80681765]] at frame 96
Rotation: [[-0.44437762  0.43987218 -0.78041079]
 [ 0.43956717 -0.65200572 -0.61779385]
 [-0.78058263 -0.61757672  0.09638338]] at frame 97
Translation: [[ 0.52738887]
 [ 0.41699049]
 [-0.74025665]] at frame 97
Rotation: [[ 0.99430239 -0.09308758 -0.05193706]
 [ 0.08065023  0.97554234 -0.20448149]
 [ 0.06970149  0.1991277   0.97749162]] at frame 98
Translation: [[-0.02561127]
 [ 0.7904423 ]
 [ 0.61200084]] at frame 98
Rotation: [[ 4.86913715e-01  4.15884171e-03 -8.73440174e-01]
 [ 8.94705292e-03 -9.99959949e-01  2.26423794e-04]
 [-8.73404250e-01 -7.92496431e-03 -4.86931423e-01]] at frame 99
Translation: [[ 0.86079804]
 [ 0.00425109]
 [-0.50892894]] at frame 99
Rotation: [[ 0.99999599  0.00179143  0.00219281]
 [-0.00178759  0.99999687 -0.00175061]
 [-0.00219594  0.00174669  0.99999606]] at frame 100
Translation: [[-0.49771307]
 [-0.41839747]
 [ 0.75975342]] at frame 100
Rotation: [[ 9.99998982e-01 -5.41747812e-04  1.31991384e-03]
 [ 5.41770730e-04  9.99999853e-01 -1.70058094e-05]
 [-1.31990443e-03  1.77208827e-05  9.99999129e-01]] at frame 101
Translation: [[-0.54701843]
 [-0.38534862]
 [ 0.7431536 ]] at frame 101
Rotation: [[ 9.99999214e-01 -1.11561962e-03 -5.71760004e-04]
 [ 1.11596841e-03  9.99999191e-01  6.10069173e-04]
 [ 5.71078937e-04 -6.10706760e-04  9.99999650e-01]] at frame 102
Translation: [[-0.52606374]
 [-0.35044786]
 [ 0.77488273]] at frame 102
Rotation: [[ 9.99998456e-01 -1.67763814e-03 -5.23366225e-04]
 [ 1.67844349e-03  9.99997402e-01  1.54216019e-03]
 [ 5.20777679e-04 -1.54303625e-03  9.99998674e-01]] at frame 103
Translation: [[-0.51237683]
 [-0.43387833]
 [ 0.74109351]] at frame 103
Rotation: [[ 0.99998699  0.00298623  0.00413641]
 [-0.00297948  0.99999422 -0.00163583]
 [-0.00414127  0.00162349  0.99999011]] at frame 104
Translation: [[ 0.61532082]
 [ 0.37284819]
 [-0.69452467]] at frame 104
Rotation: [[ 0.99955194 -0.00329308  0.02975035]
 [ 0.00262385  0.99974327  0.02250581]
 [-0.02981683 -0.02241767  0.99930396]] at frame 105
Translation: [[-0.71513748]
 [-0.47773621]
 [-0.51024162]] at frame 105
Rotation: [[ 9.99999597e-01  2.53121851e-04 -8.61794321e-04]
 [-2.52553583e-04  9.99999751e-01  6.59445502e-04]
 [ 8.61961026e-04 -6.59227587e-04  9.99999411e-01]] at frame 106
Translation: [[-0.44090613]
 [-0.44274584]
 [ 0.7807547 ]] at frame 106
Rotation: [[-0.44025061  0.44945133 -0.7772856 ]
 [ 0.45704859 -0.63296434 -0.62487017]
 [-0.7728428  -0.63035676  0.07324184]] at frame 107
Translation: [[ 0.52882242]
 [ 0.42810994]
 [-0.73284973]] at frame 107
Rotation: [[ 0.99664853  0.04055356 -0.07104312]
 [-0.0408457   0.99916192 -0.00266366]
 [ 0.07087555  0.00555654  0.99746969]] at frame 108
Translation: [[ 0.81524751]
 [-0.24437314]
 [ 0.52502693]] at frame 108
Rotation: [[-0.47334127  0.43332667 -0.76692636]
 [ 0.43447564 -0.64251903 -0.63118952]
 [-0.76627603 -0.63197887  0.11586089]] at frame 109
Translation: [[ 0.51293511]
 [ 0.42265442]
 [-0.74716854]] at frame 109
Rotation: [[ 9.99998727e-01  1.29959976e-03  9.25858034e-04]
 [-1.29941066e-03  9.99999135e-01 -2.04813235e-04]
 [-9.26123408e-04  2.03609905e-04  9.99999550e-01]] at frame 110
Translation: [[-0.5257403 ]
 [-0.41502494]
 [ 0.74253043]] at frame 110
Rotation: [[ 9.99999497e-01  9.43330887e-04  3.40008993e-04]
 [-9.43217026e-04  9.99999499e-01 -3.34879264e-04]
 [-3.40324725e-04  3.34558393e-04  9.99999886e-01]] at frame 111
Translation: [[-0.51061256]
 [-0.39928316]
 [ 0.76147736]] at frame 111
Rotation: [[ 0.99999122 -0.00405683 -0.0010509 ]
 [ 0.0040582   0.99999091  0.00130595]
 [ 0.00104559 -0.0013102   0.9999986 ]] at frame 112
Translation: [[-0.62665995]
 [-0.31634992]
 [ 0.71219381]] at frame 112
Rotation: [[ 9.99996289e-01 -2.52051868e-03  1.03437405e-03]
 [ 2.52057765e-03  9.99996822e-01 -5.57157918e-05]
 [-1.03423033e-03  5.83228051e-05  9.99999463e-01]] at frame 113
Translation: [[-0.79789256]
 [-0.20928611]
 [ 0.56530238]] at frame 113
Rotation: [[ 9.99999129e-01 -5.54255984e-04 -1.19750366e-03]
 [ 5.54506693e-04  9.99999824e-01  2.09037504e-04]
 [ 1.19738759e-03 -2.09701346e-04  9.99999261e-01]] at frame 114
Translation: [[-0.4852161 ]
 [-0.37182146]
 [ 0.79140011]] at frame 114
Rotation: [[-0.14654034  0.69842593 -0.7005192 ]
 [ 0.69371055 -0.43228173 -0.57610605]
 [-0.70518905 -0.57038033 -0.42115873]] at frame 115
Translation: [[ 0.65275142]
 [ 0.53309876]
 [-0.53825765]] at frame 115
Rotation: [[ 0.99999137  0.00379655 -0.001688  ]
 [-0.00380234  0.99998686 -0.00343919]
 [ 0.00167492  0.00344558  0.99999266]] at frame 116
Translation: [[-0.30746783]
 [-0.38630806]
 [ 0.86961464]] at frame 116
Rotation: [[ 9.99999380e-01  9.70923843e-04 -5.45829780e-04]
 [-9.71594278e-04  9.99998772e-01 -1.22936627e-03]
 [ 5.44635489e-04  1.22989583e-03  9.99999095e-01]] at frame 117
Translation: [[-0.49384273]
 [-0.35710152]
 [ 0.79284163]] at frame 117
Rotation: [[ 0.99933969  0.00510954 -0.03597317]
 [-0.00547314  0.99993486 -0.01001648]
 [ 0.03591965  0.01020676  0.99930256]] at frame 118
Translation: [[0.68323678]
 [0.03488717]
 [0.729363  ]] at frame 118
Rotation: [[ 0.9999986  -0.00131843 -0.00103451]
 [ 0.00131739  0.99999863 -0.00100459]
 [ 0.00103583  0.00100322  0.99999896]] at frame 119
Translation: [[-0.52061984]
 [-0.31404581]
 [ 0.79393338]] at frame 119
Rotation: [[ 9.99997843e-01 -1.87061065e-03 -9.03220429e-04]
 [ 1.87035415e-03  9.99998210e-01 -2.84751769e-04]
 [ 9.03751473e-04  2.83061813e-04  9.99999552e-01]] at frame 120
Translation: [[-0.54271788]
 [-0.37332417]
 [ 0.75238711]] at frame 120
Rotation: [[ 9.99730029e-01 -3.32882293e-03 -2.29954052e-02]
 [ 3.31721854e-03  9.99994351e-01 -5.42766676e-04]
 [ 2.29970821e-02  4.66339360e-04  9.99735423e-01]] at frame 121
Translation: [[0.72759082]
 [0.06324492]
 [0.6830898 ]] at frame 121
Rotation: [[ 0.99999707 -0.00202448 -0.00132607]
 [ 0.00202712  0.99999596  0.00199021]
 [ 0.00132204 -0.0019929   0.99999714]] at frame 122
Translation: [[-0.49793368]
 [-0.40950678]
 [ 0.76443852]] at frame 122
Rotation: [[ 0.99995189  0.00855247  0.00480377]
 [-0.00852488  0.99994722 -0.00573402]
 [-0.00485256  0.00569279  0.99997202]] at frame 123
Translation: [[-0.397682  ]
 [-0.44907262]
 [ 0.80011425]] at frame 123
Rotation: [[ 0.99998419  0.00474509  0.003017  ]
 [-0.00473361  0.99998157 -0.00380194]
 [-0.00303498  0.0037876   0.99998822]] at frame 124
Translation: [[-0.38694225]
 [-0.40693921]
 [ 0.82745161]] at frame 124
Rotation: [[ 9.99999442e-01  1.69373015e-04  1.04283441e-03]
 [-1.67931933e-04  9.99999031e-01 -1.38182202e-03]
 [-1.04306745e-03  1.38164613e-03  9.99998502e-01]] at frame 125
Translation: [[-0.51574308]
 [-0.31336966]
 [ 0.79737603]] at frame 125
Rotation: [[ 9.99999180e-01 -1.22801819e-03 -3.62129095e-04]
 [ 1.22867636e-03  9.99997584e-01  1.82291120e-03]
 [ 3.59889652e-04 -1.82335464e-03  9.99998273e-01]] at frame 126
Translation: [[-0.48000484]
 [-0.4324783 ]
 [ 0.76325479]] at frame 126
Rotation: [[ 0.99999744 -0.00185932 -0.00129221]
 [ 0.0018629   0.99999441  0.00277704]
 [ 0.00128704 -0.00277944  0.99999531]] at frame 127
Translation: [[-0.47897338]
 [-0.42373611]
 [ 0.76878619]] at frame 127
Rotation: [[ 0.99560475  0.04538488 -0.08192314]
 [-0.04539312  0.99896765  0.00176287]
 [ 0.08191858  0.00196362  0.99663709]] at frame 128
Translation: [[ 0.83526153]
 [-0.25059866]
 [ 0.48942669]] at frame 128
Rotation: [[ 0.99778228  0.03439505 -0.05698684]
 [-0.03467437  0.99939098 -0.00391982]
 [ 0.05681731  0.00588711  0.99836723]] at frame 129
Translation: [[ 0.78744792]
 [-0.24817477]
 [ 0.56421189]] at frame 129
Rotation: [[ 0.99923562  0.00848149 -0.03816071]
 [-0.00916339  0.99980082 -0.01773003]
 [ 0.03800273  0.01806616  0.99911431]] at frame 130
Translation: [[0.65845139]
 [0.14856294]
 [0.7378149 ]] at frame 130
Rotation: [[ 9.99999530e-01 -9.36838950e-04  2.48826716e-04]
 [ 9.36814061e-04  9.99999556e-01  1.00124214e-04]
 [-2.48920406e-04 -9.98910627e-05  9.99999964e-01]] at frame 131
Translation: [[-0.60682752]
 [-0.33553345]
 [ 0.72053984]] at frame 131
Rotation: [[ 9.99999969e-01 -2.47113480e-04 -3.46652228e-05]
 [ 2.47095429e-04  9.99999834e-01 -5.19750953e-04]
 [ 3.47936546e-05  5.19742372e-04  9.99999864e-01]] at frame 132
Translation: [[-0.54048622]
 [-0.37385676]
 [ 0.75372792]] at frame 132
Rotation: [[ 9.99996931e-01 -2.41120626e-03 -5.69850498e-04]
 [ 2.41124860e-03  9.99997090e-01  7.36204408e-05]
 [ 5.69671326e-04 -7.49942661e-05  9.99999835e-01]] at frame 133
Translation: [[-0.60950448]
 [-0.28471167]
 [ 0.73989429]] at frame 133
Rotation: [[ 9.99998160e-01  4.82057911e-04  1.85695528e-03]
 [-4.73853371e-04  9.99990136e-01 -4.41618451e-03]
 [-1.85906582e-03  4.41529646e-03  9.99988524e-01]] at frame 134
Translation: [[-0.60515132]
 [-0.09229499]
 [ 0.79074238]] at frame 134
Rotation: [[ 0.99629583 -0.03511346 -0.0784963 ]
 [ 0.02451618  0.99093258 -0.13210444]
 [ 0.08242319  0.12969067  0.98812284]] at frame 135
Translation: [[0.19955532]
 [0.61637068]
 [0.76175118]] at frame 135
Rotation: [[ 9.99999910e-01 -3.31964298e-04 -2.65011980e-04]
 [ 3.31782945e-04  9.99999711e-01 -6.84070663e-04]
 [ 2.65238991e-04  6.83982675e-04  9.99999731e-01]] at frame 136
Translation: [[-0.41899584]
 [-0.42571997]
 [ 0.80200062]] at frame 136
Rotation: [[ 0.99883399 -0.03377849  0.03449168]
 [ 0.03431836  0.99929563 -0.01518173]
 [-0.03395457  0.01634773  0.99928967]] at frame 137
Translation: [[-0.88795548]
 [ 0.45771714]
 [-0.04505635]] at frame 137
Rotation: [[ 9.99999902e-01  2.64144980e-04  3.56516452e-04]
 [-2.63965096e-04  9.99999838e-01 -5.04512957e-04]
 [-3.56649659e-04  5.04418799e-04  9.99999809e-01]] at frame 138
Translation: [[-0.46851208]
 [-0.44973535]
 [ 0.76041735]] at frame 138
Rotation: [[ 9.99978668e-01  2.71711451e-04 -6.52608930e-03]
 [-2.43101589e-04  9.99990359e-01  4.38431450e-03]
 [ 6.52721765e-03 -4.38263447e-03  9.99969093e-01]] at frame 139
Translation: [[-0.04676377]
 [ 0.65631783]
 [-0.7530339 ]] at frame 139
Rotation: [[ 0.99999344  0.00342313  0.00118352]
 [-0.00342067  0.999992   -0.00207124]
 [-0.0011906   0.00206718  0.99999715]] at frame 140
Translation: [[-0.27848603]
 [-0.56430412]
 [ 0.77717848]] at frame 140
Rotation: [[ 0.99998878 -0.00356126  0.00312502]
 [ 0.00355344  0.99999055  0.00250582]
 [-0.00313391 -0.00249469  0.99999198]] at frame 141
Translation: [[-0.74098024]
 [-0.47102511]
 [ 0.47862681]] at frame 141
Rotation: [[ 9.99997412e-01 -2.19227087e-03 -6.08064314e-04]
 [ 2.19300409e-03  9.99996866e-01  1.20779535e-03]
 [ 6.05414593e-04 -1.20912572e-03  9.99999086e-01]] at frame 142
Translation: [[-0.59569516]
 [-0.40631366]
 [ 0.69286109]] at frame 142
Rotation: [[ 9.99995865e-01 -2.48238382e-03 -1.45159243e-03]
 [ 2.48310088e-03  9.99996796e-01  4.92388371e-04]
 [ 1.45036548e-03 -4.95990785e-04  9.99998825e-01]] at frame 143
Translation: [[-0.48252024]
 [-0.43374556]
 [ 0.76094612]] at frame 143
Rotation: [[ 9.99999747e-01 -5.10967302e-05  7.09209596e-04]
 [ 5.10065429e-05  9.99999991e-01  1.27183507e-04]
 [-7.09216088e-04 -1.27147301e-04  9.99999740e-01]] at frame 144
Translation: [[-0.48969995]
 [-0.47745205]
 [ 0.72954336]] at frame 144
Rotation: [[ 9.99999632e-01  6.29501377e-04  5.82256403e-04]
 [-6.29542830e-04  9.99999799e-01  7.10138700e-05]
 [-5.82211583e-04 -7.13803993e-05  9.99999828e-01]] at frame 145
Translation: [[-0.49037371]
 [-0.43833872]
 [ 0.7532548 ]] at frame 145
Rotation: [[ 0.99999608  0.00256091  0.00113108]
 [-0.00255945  0.99999588 -0.00129686]
 [-0.0011344   0.00129396  0.99999852]] at frame 146
Translation: [[-0.4988656 ]
 [-0.43838789]
 [ 0.74762903]] at frame 146
Rotation: [[ 0.99998192  0.00492151  0.00345664]
 [-0.00491072  0.99998307 -0.00312108]
 [-0.00347194  0.00310405  0.99998916]] at frame 147
Translation: [[-0.49507701]
 [-0.44581765]
 [ 0.74575155]] at frame 147
Rotation: [[ 0.99998433  0.00459566  0.00319549]
 [-0.00458511  0.99998404 -0.00330084]
 [-0.00321061  0.00328613  0.99998945]] at frame 148
Translation: [[-0.49658464]
 [-0.44391563]
 [ 0.74588377]] at frame 148
Rotation: [[ 0.99999121  0.00169343  0.00383625]
 [-0.00168307  0.99999493 -0.00270135]
 [-0.00384081  0.00269487  0.99998899]] at frame 149
Translation: [[ 0.7313913 ]
 [ 0.27913139]
 [-0.62221574]] at frame 149
Rotation: [[ 0.99519561  0.0614084  -0.07625421]
 [-0.06040453  0.99805511  0.01540433]
 [ 0.07705186 -0.01072422  0.99696941]] at frame 150
Translation: [[ 0.75169549]
 [-0.47770609]
 [ 0.45469857]] at frame 150
Rotation: [[ 0.97042785  0.14413152 -0.19363858]
 [-0.13962385  0.9895205   0.03680166]
 [ 0.19691362 -0.00867679  0.98038245]] at frame 151
Translation: [[ 0.75695971]
 [-0.43892494]
 [ 0.48410422]] at frame 151
Rotation: [[ 9.99995282e-01  2.93617744e-03  9.02813864e-04]
 [-2.93404602e-03  9.99992927e-01 -2.35318653e-03]
 [-9.09716852e-04  2.35052653e-03  9.99996824e-01]] at frame 152
Translation: [[-0.50345171]
 [-0.43428999]
 [ 0.74694616]] at frame 152
Rotation: [[ 9.99994455e-01  3.17922285e-03  9.91582380e-04]
 [-3.17706988e-03  9.99992609e-01 -2.16532074e-03]
 [-9.98459088e-04  2.16215841e-03  9.99997164e-01]] at frame 153
Translation: [[-0.48981248]
 [-0.42934093]
 [ 0.75878198]] at frame 153
Rotation: [[-0.91783568 -0.09121568  0.3863384 ]
 [-0.08790734 -0.90237205 -0.42189689]
 [ 0.38710459 -0.421194    0.82021074]] at frame 154
Translation: [[ 0.20038482]
 [-0.22288494]
 [ 0.95402737]] at frame 154
Rotation: [[ 9.99992461e-01  3.86598038e-03  3.62352855e-04]
 [-3.86449785e-03  9.99984507e-01 -4.00649886e-03]
 [-3.77836287e-04  4.00506834e-03  9.99991908e-01]] at frame 155
Translation: [[-0.42750618]
 [-0.37877384]
 [ 0.82083424]] at frame 155
Rotation: [[ 9.99986498e-01  5.10945987e-03 -9.47273595e-04]
 [-5.11411786e-03  9.99974513e-01 -4.98183377e-03]
 [ 9.21794972e-04  4.98661098e-03  9.99987142e-01]] at frame 156
Translation: [[-0.34082434]
 [-0.42213393]
 [ 0.84002483]] at frame 156
Rotation: [[ 9.99997091e-01  7.65958801e-04 -2.28712617e-03]
 [-7.64318593e-04  9.99999450e-01  7.17936149e-04]
 [ 2.28767482e-03 -7.16185968e-04  9.99997127e-01]] at frame 157
Translation: [[-0.46349092]
 [-0.47852488]
 [ 0.74578154]] at frame 157
Rotation: [[ 0.99999476  0.00176391  0.00271312]
 [-0.00175867  0.99999658 -0.00193587]
 [-0.00271652  0.00193109  0.99999445]] at frame 158
Translation: [[-0.66095959]
 [-0.37741981]
 [ 0.64860366]] at frame 158
Rotation: [[ 0.99994831  0.00923097  0.00426266]
 [-0.00919961  0.99993089 -0.00732042]
 [-0.00432994  0.00728083  0.99996412]] at frame 159
Translation: [[-0.40590641]
 [-0.42659184]
 [ 0.80824464]] at frame 159
Rotation: [[ 0.99998902  0.00395837  0.00250626]
 [-0.00395192  0.99998888 -0.002572  ]
 [-0.00251641  0.00256207  0.99999355]] at frame 160
Translation: [[-0.48071698]
 [-0.43510647]
 [ 0.76131041]] at frame 160
Rotation: [[ 9.99999752e-01 -4.37858864e-04 -5.51059556e-04]
 [ 4.38595748e-04  9.99999009e-01  1.33780317e-03]
 [ 5.50473241e-04 -1.33804453e-03  9.99998953e-01]] at frame 161
Translation: [[-0.48352484]
 [-0.44778506]
 [ 0.75212517]] at frame 161
Rotation: [[ 9.99998106e-01  1.80172217e-03  7.36018338e-04]
 [-1.80200456e-03  9.99998303e-01  3.83192026e-04]
 [-7.35326684e-04 -3.84517609e-04  9.99999656e-01]] at frame 162
Translation: [[-0.45736313]
 [-0.44844321]
 [ 0.76793076]] at frame 162
Rotation: [[ 9.99997482e-01  2.06386457e-03  8.80945462e-04]
 [-2.06427787e-03  9.99997760e-01  4.68503644e-04]
 [-8.79976560e-04 -4.70320981e-04  9.99999502e-01]] at frame 163
Translation: [[-0.47851657]
 [-0.42527003]
 [ 0.76822346]] at frame 163
Rotation: [[ 0.9999887   0.00392548  0.00268178]
 [-0.00392247  0.99999167 -0.00112572]
 [-0.00268618  0.00111519  0.99999577]] at frame 164
Translation: [[-0.47704914]
 [-0.4501973 ]
 [ 0.75481555]] at frame 164
Rotation: [[ 0.9999935   0.00319896  0.00166445]
 [-0.00319721  0.99999434 -0.00105171]
 [-0.00166781  0.00104638  0.99999806]] at frame 165
Translation: [[-0.4163203 ]
 [-0.46165516]
 [ 0.78329555]] at frame 165
Rotation: [[ 0.99999501  0.00223152  0.0022373 ]
 [-0.00222808  0.99999634 -0.00153782]
 [-0.00224073  0.00153282  0.99999631]] at frame 166
Translation: [[-0.45820081]
 [-0.43668111]
 [ 0.77418449]] at frame 166
Rotation: [[ 9.99999680e-01 -6.60487301e-04  4.51097732e-04]
 [ 6.60181280e-04  9.99999552e-01  6.78204268e-04]
 [-4.51545476e-04 -6.77906245e-04  9.99999668e-01]] at frame 167
Translation: [[ 0.48393313]
 [ 0.42748639]
 [-0.76358635]] at frame 167
Rotation: [[ 9.99999900e-01  3.60947083e-04  2.63705713e-04]
 [-3.60941782e-04  9.99999935e-01 -2.01464352e-05]
 [-2.63712968e-04  2.00512507e-05  9.99999965e-01]] at frame 168
Translation: [[-0.47342482]
 [-0.42082743]
 [ 0.77380438]] at frame 168
Rotation: [[ 9.99999780e-01  5.34184615e-04  3.93423360e-04]
 [-5.33951972e-04  9.99999683e-01 -5.91195848e-04]
 [-3.93739043e-04  5.90985649e-04  9.99999748e-01]] at frame 169
Translation: [[-0.47922568]
 [-0.4384616 ]
 [ 0.76032504]] at frame 169
Rotation: [[ 9.99999668e-01  6.85717232e-04  4.40640165e-04]
 [-6.85396633e-04  9.99999501e-01 -7.27315288e-04]
 [-4.41138677e-04  7.27013033e-04  9.99999638e-01]] at frame 170
Translation: [[-0.48327283]
 [-0.42942173]
 [ 0.76291831]] at frame 170
Rotation: [[ 9.99999839e-01  3.65148911e-04  4.35483602e-04]
 [-3.64913499e-04  9.99999787e-01 -5.40534478e-04]
